1 и 35801,8
2 в 31374,2
3 не 18028,0
4 на 15867,3
5 я 12684,4
6 быть 12160,7
7 он 11791,1
8 с 11311,9
9 что 8354,0
10 а 8198,0
11 по 5786,7
12 это 5707,8
13 она 5592,4
14 этот 5414,0
15 к 5389,0
16 но 5381,4
17 они 4850,0
18 мы 4704,8
19 как 4403,7
20 из 4314,1
21 у 4306,1
22 который 4209,0
23 то 3964,4
24 за 3904,1
25 свой 3825,5
26 что 3810,2
27 весь 3786,3
28 год 3727,5
29 от 3672,5
30 так 3440,4
31 о 3407,1
32 для 3229,3
33 ты 3171,2
34 же 3144,3
35 все 3106,8
36 тот 2967,1
37 мочь 2912,3
38 вы 2906,4
39 человек 2723,0
40 такой 2696,8
41 его 2577,9
42 сказать 2396,6
43 только 2391,7
44 или 2345,0
45 еще 2323,9
46 бы 2322,4
47 себя 2272,8
48 один 2245,7
49 как 2212,7
50 уже 2179,2
51 до 2061,1
52 время 2015,7
53 если 1998,1
54 сам 1986,3
55 когда 1895,7
56 другой 1837,3
57 вот 1785,1
58 говорить 1755,0
59 наш 1731,8
60 мой 1720,3
61 знать 1713,8
62 стать 1621,8
63 при 1550,8
64 чтобы 1479,7
65 дело 1412,1
66 жизнь 1389,8
67 кто 1374,8
68 первый 1345,6
69 очень 1286,8
70 два 1285,1
71 день 1258,4
72 ее 1219,2
73 новый 1217,5
74 рука 1200,6
75 даже 1179,8
76 во 1167,8
77 со 1151,3
78 раз 1131,8
79 где 1129,2
80 там 1128,1
81 под 1126,0
82 можно 1125,9
83 ну 1114,6
84 какой 1091,7
85 после 1080,1
86 их 1076,0
87 работа 1058,3
88 без 1018,8
89 самый 1007,4
90 потом 1006,1
91 надо 993,2
92 хотеть 991,3
93 ли 981,7
94 слово 967,9
95 идти 957,1
96 большой 944,4
97 должен 944,2
98 место 926,6
99 иметь 906,7
100 ничто 902,8
